Timestamp,Packets [total],Losses [Total],Losses [Difference]
0.078234,1001,1000,1000
0.225111,3001,2998,999
0.376454,5001,4996,999
0.518043,7001,6994,999
0.658142,9001,8992,999
0.798548,11001,10990,999
0.938978,13001,12988,999
1.079957,15001,14986,999
1.233509,17001,16984,999
1.383171,19001,18982,999
1.531005,21001,20980,999
1.674632,23001,22978,999
1.819478,25001,24976,999
1.973564,27001,26974,999
2.121886,29001,28972,999
2.263099,31001,30970,999
2.408135,33001,32968,999
2.556537,35001,34966,999
2.696707,37001,36964,999
2.836752,39001,38962,999
2.981764,41001,40960,999
3.134528,43001,42958,999
3.283208,45001,44956,999
3.433307,47001,46954,999
3.586374,49001,48952,999
3.738766,51001,50950,999
3.88898,53001,52948,999
4.042264,55001,54946,999
4.18693,57001,56944,999
4.333139,59001,58942,999
4.494231,61001,60940,999
4.646607,63001,62938,999
4.786842,65001,64936,999
4.937312,67001,66934,999
5.080261,69001,68932,999
5.224652,71001,70930,999
5.365304,73001,72928,999
5.505966,75001,74926,999
5.656794,77001,76924,999
5.803971,79001,78922,999
5.948585,81001,80920,999
6.088632,83001,82918,999
6.239224,85001,84916,999
6.398688,87001,86914,999
6.547539,89001,88912,999
6.695213,91001,90910,999
6.835432,93001,92908,999
6.983969,95001,94906,999
7.140243,97001,96904,999
7.287517,99001,98902,999
7.43894,101001,100900,999
7.589492,103001,102898,999
7.736839,105001,104896,999
7.882675,107001,106894,999
8.036502,109001,108892,999
8.183876,111001,110890,999
8.327695,113001,112888,999
8.481236,115001,114886,999
8.623567,117001,116884,999
8.76669,119001,118882,999
8.916283,121001,120880,999
9.066718,123001,122878,999
9.209889,125001,124876,999
9.353282,127001,126874,999
9.511565,129001,128872,999
9.655755,131001,130870,999
9.808439,133001,132868,999
9.963591,135001,134866,999
10.117414,137001,136864,999
10.26277,139001,138862,999
10.417486,141001,140860,999
10.564845,143001,142858,999
10.707139,145001,144856,999
10.87114,147001,146854,999
11.016106,149001,148852,999
11.163627,151001,150850,999
11.311554,153001,152848,999
11.453543,155001,154846,999
11.605862,157001,156844,999
11.764386,159001,158842,999
11.907541,161001,159666,278
12.056501,163001,161664,999
12.196966,165001,163662,999
12.336991,167001,165343,682
12.47768,169001,166693,999
12.622735,171001,168691,999
12.768409,173001,170689,999
12.911512,175001,172687,999
13.052098,177001,174685,999
13.192248,179001,176683,999
13.332708,181001,178681,999
13.479738,183001,180679,999
13.624956,185001,182677,999
13.776582,187001,184675,999
13.927953,189001,186673,999
14.075171,191001,188671,999
14.221194,193001,190669,999
14.369159,195001,192667,999
14.519873,197001,194665,999
14.665979,199001,196663,999
14.809254,201001,198661,999
14.957763,203001,200659,999
15.101329,205001,202657,999
15.242805,207001,204655,999
15.390282,209001,206653,999
15.532978,211001,208651,999
15.681322,213001,210649,999
15.834091,215001,212647,999
16.001522,217001,214645,999
16.147884,219001,216643,999
16.294778,221001,218641,999
16.436931,223001,220639,999
16.582841,225001,222637,999
16.725843,227001,224635,999
16.873251,229001,226633,999
17.01547,231001,228631,999
17.156888,233001,230629,999
17.314604,235001,232627,999
17.455365,237001,234625,999
17.599555,239001,236623,999
17.739894,241001,238621,999
17.882235,243001,240619,999
18.022528,245001,242617,999
18.17269,247001,244615,999
18.32102,249001,246613,999
18.477616,251001,248611,999
18.625987,253001,250609,999
18.785561,255001,252607,999
18.928064,257001,254605,999
19.078259,259001,256603,999
19.230166,261001,258601,999
19.372334,263001,260599,999
19.525078,265001,262597,999
19.669456,267001,264595,999
19.809491,269001,266593,999
19.949596,271001,268591,999
20.089952,273001,270589,999
20.244553,275001,272587,999
20.394059,277001,274585,999
20.54979,279001,276583,999
20.699685,281001,278581,999
20.848187,283001,280579,999
20.992517,285001,282577,999
21.140465,287001,284575,999
21.291694,289001,286573,999
21.439417,291001,288571,999
21.580841,293001,290569,999
21.748046,295001,292567,999
21.910099,297001,294565,999
22.055622,299001,296563,999
22.204092,301001,298561,999
22.344492,303001,300559,999
22.485393,305001,302557,999
22.626131,307001,304555,999
22.782564,309001,306553,999
22.933623,311001,308551,999
23.080279,313001,310549,999
23.224612,315001,312547,999
23.367303,317001,314545,999
23.508796,319001,316543,999
23.649385,321001,318541,999
23.794622,323001,320539,999
23.947332,325001,322537,999
24.089837,327001,324535,999
24.229838,329001,326533,999
24.370188,331001,328531,999
24.511274,333001,330529,999
24.658399,335001,332527,999
24.816869,337001,334525,999
24.96476,339001,336523,999
25.118767,341001,338521,999
25.273904,343001,340519,999
25.425184,345001,342517,999
25.583973,347001,344515,999
25.74408,349001,346513,999
25.890961,351001,348511,999
26.031531,353001,350509,999
26.181235,355001,352507,999
26.337103,357001,354505,999
26.480576,359001,356503,999
26.621072,361001,358501,999
26.766492,363001,360499,999
26.913087,365001,362497,999
27.055922,367001,364495,999
27.201488,369001,366493,999
27.357501,371001,368491,999
27.516124,373001,370489,999
27.668136,375001,372487,999
27.814912,377001,374485,999
27.960817,379001,376483,999
28.104679,381001,378481,999
28.249893,383001,380479,999
28.406334,385001,382477,999
28.553067,387001,384475,999
28.704584,389001,386473,999
28.856395,391001,388471,999
29.008725,393001,390469,999
29.155042,395001,392467,999
29.297691,397001,394465,999
29.444221,399001,396463,999
29.600089,401001,398461,999
29.757431,403001,400459,999
29.899997,405001,402457,999
30.045658,407001,404455,999
30.187805,409001,406453,999
30.32943,411001,408451,999
30.469537,413001,410449,999
30.610229,415001,412447,999
30.752187,417001,414445,999
30.905793,419001,416443,999
31.06053,421001,418441,999
31.220678,423001,420439,999
31.361302,425001,422437,999
31.50796,427001,424435,999
31.663108,429001,426433,999
31.805642,431001,428431,999
31.949731,433001,430429,999
32.09192,435001,432427,999
32.246889,437001,434425,999
32.395751,439001,436423,999
32.551256,441001,438421,999
32.711501,443001,440419,999
32.85804,445001,442417,999
33.001263,447001,444415,999
33.144094,449001,446413,999
33.288761,451001,448411,999
33.436113,453001,450409,999
33.576353,455001,452407,999
33.72116,457001,454405,999
33.866698,459001,456403,999
34.010575,461001,458401,999
34.15409,463001,460399,999
34.300306,465001,462397,999
34.442867,467001,464395,999
34.587079,469001,466393,999
34.737069,471001,468391,999
34.880974,473001,470389,999
35.021135,475001,472387,999
35.161444,477001,474385,999
35.306597,479001,476383,999
35.455067,481001,478381,999
35.601092,483001,480379,999
35.747641,485001,482377,999
35.892235,487001,484375,999
36.045008,489001,486373,999
36.195344,491001,488371,999
36.345871,493001,490369,999
36.4931,495001,492367,999
36.637895,497001,494365,999
36.782481,499001,496363,999
36.931132,501001,498361,999
37.075098,503001,500359,999
37.217409,505001,502357,999
37.367807,507001,504355,999
37.521451,509001,506353,999
37.674973,511001,508351,999
37.81656,513001,510349,999
37.96747,515001,512347,999
38.11911,517001,514345,999
38.261736,519001,516343,999
38.407447,521001,518341,999
38.55926,523001,520339,999
38.7098,525001,522337,999
38.858429,527001,524335,999
39.009057,529001,526333,999
39.165363,531001,528331,999
39.306551,533001,530329,999
39.449137,535001,532327,999
39.599666,537001,534325,999
39.748774,539001,536323,999
39.903353,541001,538321,999
40.054572,543001,540319,999
40.201332,545001,542317,999
40.346509,547001,544315,999
40.496699,549001,546313,999
40.649809,551001,548311,999
40.78981,553001,550309,999
40.930596,555001,552307,999
41.074041,557001,554305,999
41.223317,559001,556303,999
41.366124,561001,558301,999
41.517116,563001,560299,999
41.657583,565001,562297,999
41.797943,567001,564295,999
41.938192,569001,566293,999
42.084729,571001,567279,14
42.234437,573001,569238,999
42.381754,575001,571236,999
42.530325,577001,573130,895
42.672427,579001,574575,999
42.818136,581001,576573,999
42.958419,583001,578571,999
43.09853,585001,580569,999
43.238925,587001,582567,999
43.382919,589001,584565,999
43.527564,591001,586563,999
43.674575,593001,588561,999
43.82369,595001,590559,999
43.969921,597001,592557,999
44.116561,599001,594555,999
44.257475,601001,596553,999
44.407051,603001,598551,999
44.547053,605001,600549,999
44.690275,607001,602547,999
44.831154,609001,604545,999
44.973358,611001,606543,999
45.137223,613001,608541,999
45.280658,615001,610539,999
45.421011,617001,612537,999
45.568671,619001,614535,999
45.723197,621001,616533,999
45.871645,623001,618531,999
46.016162,625001,620529,999
46.161719,627001,622527,999
46.304285,629001,624525,999
46.448932,631001,626523,999
46.599594,633001,628521,999
46.759461,635001,630519,999
46.899635,637001,632517,999
47.047276,639001,634515,999
47.188798,641001,636513,999
47.334181,643001,638511,999
47.480371,645001,640509,999
47.621708,647001,642507,999
47.762784,649001,644505,999
47.907766,651001,646503,999
48.055002,653001,648501,999
48.198381,655001,650499,999
48.341425,657001,652497,999
48.48715,659001,654495,999
48.635646,661001,656493,999
48.781081,663001,658491,999
48.928196,665001,660489,999
49.068313,667001,662487,999
49.216141,669001,664485,999
49.359499,671001,666483,999
49.49963,673001,668481,999
49.639656,675001,670479,999
49.780223,677001,672477,999
49.926529,679001,674475,999
50.076586,681001,676473,999
50.222134,683001,678471,999
50.374317,685001,680469,999
50.519388,687001,682467,999
50.665806,689001,684465,999
50.811791,691001,686463,999
50.961375,693001,688461,999
51.120927,695001,690459,999
51.26607,697001,692457,999
51.424879,699001,694455,999
51.578452,701001,696453,999
51.743091,703001,698451,999
51.884325,705001,700449,999
52.029945,707001,702447,999
52.207335,709001,704445,999
52.367862,711001,706443,999
52.512343,713001,708441,999
52.658245,715001,710439,999
52.805149,717001,712437,999
52.952205,719001,714435,999
53.105335,721001,716433,999
53.260097,723001,718431,999
53.404625,725001,720429,999
53.549769,727001,722427,999
53.70387,729001,724425,999
53.858222,731001,726423,999
54.007324,733001,728421,999
54.152655,735001,730419,999
54.30006,737001,732417,999
54.448039,739001,734415,999
54.596461,741001,736413,999
54.748082,743001,738411,999
54.893572,745001,740409,999
55.048114,747001,742407,999
55.209229,749001,744405,999
55.352873,751001,746403,999
55.503066,753001,748401,999
55.657901,755001,750399,999
55.804685,757001,752397,999
55.952826,759001,754395,999
56.105085,761001,756393,999
56.257637,763001,758391,999
56.399462,765001,760389,999
56.55297,767001,762387,999
56.696163,769001,764385,999
56.851964,771001,766383,999
57.003559,773001,768381,999
57.155423,775001,770379,999
57.300328,777001,772377,999
57.450182,779001,774375,999
57.597095,781001,776373,999
57.748597,783001,778371,999
57.893141,785001,780369,999
58.041035,787001,782367,999
58.186736,789001,784365,999
58.340999,791001,786363,999
58.487864,793001,788361,999
58.629618,795001,790359,999
58.772255,797001,792357,999
58.935487,799001,794355,999
59.093546,801001,796353,999
59.241277,803001,798351,999
59.381927,805001,800349,999
59.530051,807001,802347,999
59.678541,809001,804345,999
59.828699,811001,806343,999
59.981904,813001,808341,999
60.136968,815001,810339,999
60.281778,817001,812337,999
60.44295,819001,814335,999
60.591121,821001,816333,999
60.736833,823001,818331,999
60.878521,825001,820329,999
61.027493,827001,822327,999
61.17356,829001,824325,999
61.324327,831001,826323,999
61.469488,833001,828321,999
61.612217,835001,830319,999
61.754533,837001,832317,999
61.899212,839001,834315,999
62.039251,841001,836313,999
62.184172,843001,838311,999
62.338235,845001,840309,999
62.483931,847001,842307,999
62.627625,849001,844305,999
62.771994,851001,846303,999
62.919131,853001,848301,999
63.075668,855001,850299,999
63.229915,857001,852297,999
63.391469,859001,854295,999
63.535675,861001,856293,999
63.685305,863001,858291,999
63.832199,865001,860289,999
63.976481,867001,862287,999
64.124092,869001,864285,999
64.264244,871001,866283,999
64.406296,873001,868281,999
64.546498,875001,870279,999
64.693475,877001,872277,999
64.834981,879001,874275,999
64.983643,881001,876273,999
65.131984,883001,878271,999
65.274291,885001,880269,999
65.414582,887001,882267,999
65.557269,889001,884265,999
65.697748,891001,886263,999
65.841684,893001,888261,999
65.993054,895001,890259,999
66.139696,897001,892257,999
66.289652,899001,894255,999
66.431576,901001,896253,999
66.58718,903001,898251,999
66.735756,905001,900249,999
66.885198,907001,902247,999
67.040882,909001,904245,999
67.198245,911001,906243,999
67.342073,913001,908241,999
67.490125,915001,910239,999
67.638192,917001,912237,999
67.794053,919001,914235,999
67.938771,921001,916233,999
68.094958,923001,918231,999
68.245587,925001,920229,999
68.39682,927001,922227,999
68.541062,929001,924225,999
68.684128,931001,926223,999
68.829597,933001,928221,999
68.981907,935001,930219,999
69.131923,937001,932217,999
69.280428,939001,934215,999
69.430945,941001,936213,999
69.592546,943001,938211,999
69.742077,945001,940209,999
69.891537,947001,942207,999
70.034128,949001,944205,999
70.183587,951001,946203,999
70.325119,953001,948201,999
70.478258,955001,950199,999
70.624557,957001,952197,999
70.771999,959001,954195,999
70.923736,961001,956193,999
71.069715,963001,958191,999
71.214485,965001,960189,999
71.354819,967001,962187,999
71.498652,969001,964185,999
71.642233,971001,966183,999
71.782617,973001,968181,999
71.927808,975001,970179,999
72.076823,977001,972177,999
72.226026,979001,974067,891
72.380954,981001,975244,999
72.531387,983001,977242,999
72.678749,985001,979240,999
72.830319,987001,979943,0
72.98269,989001,981104,999
73.136432,991001,983102,999
73.278948,993001,985100,999
73.427972,995001,987098,999
73.587851,997001,989096,999
73.732657,999001,991094,999
73.887943,1001001,993092,999
74.035756,1003001,995090,999
74.18283,1005001,997088,999
74.323643,1007001,999086,999
74.47241,1009001,1001084,999
74.61608,1011001,1003082,999
74.764376,1013001,1005080,999
74.910952,1015001,1007078,999
75.057471,1017001,1009076,999
75.202872,1019001,1011074,999
75.351132,1021001,1013072,999
75.507864,1023001,1015070,999
75.656204,1025001,1017068,999
75.8031,1027001,1019066,999
75.953354,1029001,1021064,999
76.102683,1031001,1023062,999
76.247973,1033001,1025060,999
76.400736,1035001,1027058,999
76.554622,1037001,1029056,999
76.716197,1039001,1031054,999
76.869447,1041001,1033052,999
77.01587,1043001,1035050,999
77.158323,1045001,1037048,999
77.299009,1047001,1039046,999
77.439183,1049001,1041044,999
77.583758,1051001,1043042,999
77.737817,1053001,1045040,999
77.886008,1055001,1047038,999
78.04816,1057001,1049036,999
78.195321,1059001,1051034,999
78.343061,1061001,1053032,999
78.483066,1063001,1055030,999
78.628005,1065001,1057028,999
78.776097,1067001,1059026,999
78.917362,1069001,1061024,999
79.069444,1071001,1063022,999
79.216375,1073001,1065020,999
79.365707,1075001,1067018,999
79.512918,1077001,1069016,999
79.665043,1079001,1071014,999
79.807277,1081001,1073012,999
79.967461,1083001,1075010,999
80.116541,1085001,1077008,999
80.25813,1087001,1079006,999
80.411897,1089001,1081004,999
80.56501,1091001,1083002,999
80.716755,1093001,1085000,999
80.88239,1095001,1086998,999
81.037912,1097001,1088996,999
81.195025,1099001,1090994,999
81.341236,1101001,1092992,999
81.488123,1103001,1094990,999
81.634036,1105001,1096988,999
81.777203,1107001,1098986,999
81.926405,1109001,1100984,999
82.071936,1111001,1102982,999
82.225055,1113001,1104980,999
82.367472,1115001,1106978,999
82.512556,1117001,1108976,999
82.65775,1119001,1110974,999
82.799126,1121001,1112972,999
82.956518,1123001,1114970,999
83.101678,1125001,1116968,999
83.241892,1127001,1118966,999
83.384407,1129001,1120964,999
83.552012,1131001,1122962,999
83.694786,1133001,1124960,999
83.843599,1135001,1126958,999
84.000133,1137001,1128956,999
84.142028,1139001,1130954,999
84.288109,1141001,1132952,999
84.431928,1143001,1134950,999
84.581161,1145001,1136948,999
84.731137,1147001,1138946,999
84.884144,1149001,1140944,999
85.026352,1151001,1142942,999
85.171755,1153001,1144940,999
85.319794,1155001,1146938,999
85.469661,1157001,1148936,999
85.614603,1159001,1150934,999
85.771983,1161001,1152932,999
85.928608,1163001,1154930,999
86.079097,1165001,1156928,999
86.236185,1167001,1158926,999
86.385938,1169001,1160924,999
86.535173,1171001,1162922,999
86.679786,1173001,1164920,999
86.820029,1175001,1166918,999
86.962325,1177001,1168916,999
87.109047,1179001,1170914,999
87.25617,1181001,1172912,999
87.412114,1183001,1174910,999
87.563299,1185001,1176908,999
87.719338,1187001,1178906,999
87.88107,1189001,1180904,999
88.027726,1191001,1182902,999
88.167942,1193001,1184900,999
88.308301,1195001,1186898,999
88.460087,1197001,1188896,999
88.60375,1199001,1190894,999
88.744284,1201001,1192892,999
88.893993,1203001,1194890,999
89.034826,1205001,1196888,999
89.179169,1207001,1198886,999
89.327875,1209001,1200884,999
89.47131,1211001,1202882,999
89.627774,1213001,1204880,999
89.767983,1215001,1206878,999
89.912494,1217001,1208876,999
90.057782,1219001,1210874,999
90.197827,1221001,1212872,999
90.342828,1223001,1214870,999
90.490312,1225001,1216868,999
90.631717,1227001,1218866,999
90.782502,1229001,1220864,999
90.938483,1231001,1222862,999
91.089795,1233001,1224860,999
91.236508,1235001,1226858,999
91.379364,1237001,1228856,999
91.525058,1239001,1230854,999
91.665186,1241001,1232852,999
91.816827,1243001,1234850,999
91.956995,1245001,1236848,999
92.110629,1247001,1238846,999
92.260565,1249001,1240844,999
92.409292,1251001,1242842,999
92.557611,1253001,1244840,999
92.708538,1255001,1246838,999
92.860888,1257001,1248836,999
93.002106,1259001,1250834,999
93.157878,1261001,1252832,999
93.314721,1263001,1254830,999
93.467817,1265001,1256828,999
93.613822,1267001,1258826,999
93.75397,1269001,1260824,999
93.893974,1271001,1262822,999
94.048992,1273001,1264820,999
94.203822,1275001,1266818,999
94.355967,1277001,1268816,999
94.507125,1279001,1270814,999
94.652261,1281001,1272812,999
94.799864,1283001,1274810,999
94.949195,1285001,1276808,999
95.095117,1287001,1278806,999
95.244871,1289001,1280804,999
95.396813,1291001,1282802,999
95.549716,1293001,1284800,999
95.694994,1295001,1286798,999
95.840075,1297001,1288796,999
95.985893,1299001,1290794,999
96.132264,1301001,1292792,999
96.274412,1303001,1294790,999
96.415782,1305001,1296788,999
96.566709,1307001,1298786,999
96.711163,1309001,1300784,999
96.851368,1311001,1302782,999
96.992065,1313001,1304780,999
97.144806,1315001,1306778,999
97.294126,1317001,1308776,999
97.440793,1319001,1310774,999
97.583624,1321001,1312772,999
97.742242,1323001,1314770,999
97.888251,1325001,1316768,999
98.032661,1327001,1318766,999
98.180014,1329001,1320764,999
98.320781,1331001,1322762,999
98.463921,1333001,1324760,999
98.610329,1335001,1326758,999
98.759185,1337001,1328756,999
98.910827,1339001,1330754,999
99.066568,1341001,1332752,999
99.217896,1343001,1334750,999
99.363759,1345001,1336748,999
99.510251,1347001,1338746,999
99.650799,1349001,1340744,999
99.794655,1351001,1342742,999
99.938481,1353001,1344740,999
100.078756,1355001,1346738,999
100.219725,1357001,1348736,999
100.366521,1359001,1350734,999
100.514131,1361001,1352732,999
100.668039,1363001,1354730,999
100.825046,1365001,1356728,999
100.972988,1367001,1358726,999
101.114892,1369001,1360724,999
101.264149,1371001,1362722,999
101.416882,1373001,1364720,999
101.565805,1375001,1366718,999
101.717084,1377001,1368716,999
101.857337,1379001,1370714,999
102.008948,1381001,1372712,999
102.153774,1383001,1374710,999
102.305946,1385001,1376708,999
102.453346,1387001,1378336,629
102.605087,1389001,1378352,0
102.750964,1391001,1379439,999
102.902708,1393001,1381437,999
103.057791,1395001,1383275,999
103.202756,1397001,1385273,999
103.350054,1399001,1387271,999
103.499586,1401001,1389269,999
103.652691,1403001,1391267,999
103.793746,1405001,1393265,999
103.937144,1407001,1395263,999
104.08319,1409001,1397261,999
104.225965,1411001,1399259,999
104.370663,1413001,1401257,999
104.511035,1415001,1403255,999
104.662697,1417001,1405253,999
104.812766,1419001,1407251,999
104.95586,1421001,1409249,999
105.105791,1423001,1411247,999
105.25209,1425001,1413245,999
105.400976,1427001,1415243,999
105.554455,1429001,1417241,999
105.698087,1431001,1419239,999
105.843184,1433001,1421237,999
105.995524,1435001,1423235,999
106.136997,1437001,1425233,999
106.278587,1439001,1427231,999
106.419771,1441001,1429229,999
106.560183,1443001,1431227,999
106.706823,1445001,1433225,999
106.854773,1447001,1435223,999
106.998893,1449001,1437221,999
107.164641,1451001,1439219,999
107.318981,1453001,1441217,999
107.467636,1455001,1443215,999
107.612683,1457001,1445213,999
107.758571,1459001,1447211,999
107.900486,1461001,1449209,999
108.0453,1463001,1451207,999
108.199525,1465001,1453205,999
108.349348,1467001,1455203,999
108.503918,1469001,1457201,999
108.653919,1471001,1459199,999
108.800982,1473001,1461197,999
108.943272,1475001,1463195,999
109.097588,1477001,1465193,999
109.252955,1479001,1467191,999
109.398491,1481001,1469189,999
109.547486,1483001,1471187,999
109.695039,1485001,1473185,999
109.847925,1487001,1475183,999
109.996877,1489001,1477181,999
110.153,1491001,1479179,999
110.298887,1493001,1481177,999
110.444368,1495001,1483175,999
110.596202,1497001,1485173,999
110.747677,1499001,1487171,999
110.899018,1501001,1489169,999
111.04852,1503001,1491167,999
111.207788,1505001,1493165,999
111.361284,1507001,1495163,999
111.506661,1509001,1497161,999
111.666129,1511001,1499159,999
111.811044,1513001,1501157,999
111.956777,1515001,1503155,999
112.103903,1517001,1505153,999
112.244455,1519001,1507151,999
112.385058,1521001,1509149,999
112.535017,1523001,1511147,999
112.683883,1525001,1513145,999
112.829645,1527001,1515143,999
112.981193,1529001,1517141,999
113.122676,1531001,1519139,999
113.271752,1533001,1521137,999
113.420067,1535001,1523135,999
113.565861,1537001,1525133,999
113.722728,1539001,1527131,999
113.87084,1541001,1529129,999
114.015081,1543001,1531127,999
114.159419,1545001,1533125,999
114.301291,1547001,1535123,999
114.449922,1549001,1537121,999
114.598302,1551001,1539119,999
114.750061,1553001,1541117,999
114.892783,1555001,1543115,999
115.037291,1557001,1545113,999
115.194598,1559001,1547111,999
115.337326,1561001,1549109,999
115.480562,1563001,1551107,999
115.624846,1565001,1553105,999
115.784948,1567001,1555103,999
115.932328,1569001,1557101,999
116.083739,1571001,1559099,999
116.225147,1573001,1561097,999
116.373022,1575001,1563095,999
116.51673,1577001,1565093,999
116.66394,1579001,1567091,999
116.813208,1581001,1569089,999
116.958903,1583001,1571087,999
117.099196,1585001,1573085,999
117.244844,1587001,1575083,999
117.392573,1589001,1577081,999
117.538425,1591001,1579079,999
117.690571,1593001,1581077,999
117.835004,1595001,1583075,999
117.989973,1597001,1585073,999
118.130164,1599001,1587071,999
118.270141,1601001,1589069,999
118.410617,1603001,1591067,999
118.550707,1605001,1593065,999
118.691022,1607001,1595063,999
118.831207,1609001,1597061,999
118.971233,1611001,1599059,999
119.111464,1613001,1601057,999
119.251651,1615001,1603055,999
119.396665,1617001,1605053,999
119.542088,1619001,1607051,999
119.682881,1621001,1609049,999
119.833915,1623001,1611047,999
119.985104,1625001,1613045,999
120.132322,1627001,1615043,999
120.283407,1629001,1617041,999
120.440731,1631001,1619039,999
120.586101,1633001,1621037,999
120.750012,1635001,1623035,999
120.905527,1637001,1625033,999
121.055861,1639001,1627031,999
121.206256,1641001,1629029,999
121.350884,1643001,1631027,999
121.491591,1645001,1633025,999
121.638121,1647001,1635023,999
121.791722,1649001,1637021,999
121.942293,1651001,1639019,999
122.085639,1653001,1641017,999
122.238888,1655001,1643015,999
122.385735,1657001,1645013,999
122.526679,1659001,1647011,999
122.672521,1661001,1649009,999
122.828642,1663001,1651007,999
122.97277,1665001,1653005,999
123.124656,1667001,1655003,999
123.267458,1669001,1657001,999
123.418118,1671001,1658999,999
123.561837,1673001,1660997,999
123.702532,1675001,1662995,999
123.855701,1677001,1664993,999
124.006793,1679001,1666991,999
124.154052,1681001,1668989,999
124.301178,1683001,1670987,999
124.441286,1685001,1672985,999
124.581771,1687001,1674983,999
124.723791,1689001,1676981,999
124.881644,1691001,1678979,999
125.028944,1693001,1680977,999
125.169737,1695001,1682975,999
125.315516,1697001,1684973,999
125.4621,1699001,1686971,999
125.602169,1701001,1688969,999
125.745792,1703001,1690967,999
125.907603,1705001,1692965,999
126.050579,1707001,1694963,999
126.202506,1709001,1696961,999
126.34604,1711001,1698959,999
126.487578,1713001,1700957,999
126.642763,1715001,1702955,999
126.783017,1717001,1704953,999
126.923374,1719001,1706951,999
127.070296,1721001,1708949,999
127.222087,1723001,1710947,999
127.380748,1725001,1712945,999
127.529542,1727001,1714943,999
127.674511,1729001,1716941,999
127.831501,1731001,1718939,999
127.983592,1733001,1720937,999
128.133756,1735001,1722935,999
128.275804,1737001,1724933,999
128.417766,1739001,1726931,999
128.562301,1741001,1728929,999
128.713761,1743001,1730927,999
128.864767,1745001,1732925,999
129.008895,1747001,1734923,999
129.152973,1749001,1736921,999
129.294176,1751001,1738919,999
129.446662,1753001,1740917,999
129.595961,1755001,1742915,999
129.740896,1757001,1744913,999
129.892321,1759001,1746911,999
130.048461,1761001,1748909,999
130.196757,1763001,1750907,999
130.343817,1765001,1752905,999
130.503187,1767001,1754903,999
130.64969,1769001,1756901,999
130.794925,1771001,1758899,999
130.953942,1773001,1760897,999
131.09657,1775001,1762895,999
131.248074,1777001,1764893,999
131.388323,1779001,1766891,999
131.528594,1781001,1768889,999
131.668799,1783001,1770887,999
131.808916,1785001,1772885,999
131.949135,1787001,1774883,999
132.098917,1789001,1776881,999
132.247409,1791001,1778879,999
132.390434,1793001,1780877,999
132.532728,1795001,1782875,999
132.678955,1797001,1784396,522
132.819183,1799001,1786394,999
132.959281,1801001,1788392,999
133.099888,1803001,1790390,999
133.240246,1805001,1792363,999
133.384507,1807001,1794361,999
133.529372,1809001,1796359,999
133.676933,1811001,1798357,999
133.818677,1813001,1800355,999
133.971796,1815001,1802353,999
134.131801,1817001,1804351,999
134.275403,1819001,1806349,999
134.430957,1821001,1808347,999
134.575612,1823001,1810345,999
134.733697,1825001,1812343,999
134.887428,1827001,1814341,999
135.032685,1829001,1816339,999
135.180558,1831001,1818337,999
135.331031,1833001,1820335,999
135.477177,1835001,1822333,999
135.621564,1837001,1824331,999
135.766232,1839001,1826329,999
135.916087,1841001,1828327,999
136.061424,1843001,1830325,999
136.201582,1845001,1832323,999
136.354828,1847001,1834321,999
136.498427,1849001,1836319,999
136.658162,1851001,1838317,999
136.804446,1853001,1840315,999
136.95092,1855001,1842313,999
137.095464,1857001,1844311,999
137.239192,1859001,1846309,999
137.40017,1861001,1848307,999
137.551375,1863001,1850305,999
137.697852,1865001,1852303,999
137.844468,1867001,1854301,999
137.988138,1869001,1856299,999
138.137752,1871001,1858297,999
138.282955,1873001,1860295,999
138.429329,1875001,1862293,999
138.572187,1877001,1864291,999
138.718194,1879001,1866289,999
138.858437,1881001,1868287,999
139.004465,1883001,1870285,999
139.147969,1885001,1872283,999
139.290695,1887001,1874281,999
139.432275,1889001,1876279,999
139.58507,1891001,1878277,999
139.729313,1893001,1880275,999
139.874579,1895001,1882273,999
140.027748,1897001,1884271,999
140.183834,1899001,1886269,999
140.333081,1901001,1888267,999
140.479131,1903001,1890265,999
140.626796,1905001,1892263,999
140.773034,1907001,1894261,999
140.921238,1909001,1896259,999
141.066151,1911001,1898257,999
141.214081,1913001,1900255,999
141.363916,1915001,1902253,999
141.507851,1917001,1904251,999
141.648195,1919001,1906249,999
141.790508,1921001,1908247,999
141.950054,1923001,1910245,999
142.094597,1925001,1912243,999
142.241865,1927001,1914241,999
142.387564,1929001,1916239,999
142.528643,1931001,1918237,999
142.680976,1933001,1920235,999
142.835664,1935001,1922233,999
142.988912,1937001,1924231,999
143.141505,1939001,1926229,999
143.285154,1941001,1928227,999
143.427668,1943001,1930225,999
143.570116,1945001,1932223,999
143.717725,1947001,1934221,999
143.859956,1949001,1936219,999
144.010147,1951001,1938217,999
144.155509,1953001,1940215,999
144.304192,1955001,1942213,999
144.448551,1957001,1944211,999
144.600356,1959001,1946209,999
144.757075,1961001,1948207,999
144.907052,1963001,1950205,999
145.056684,1965001,1952203,999
145.205115,1967001,1954201,999
145.354606,1969001,1956199,999
145.503125,1971001,1958197,999
145.65099,1973001,1960195,999
145.793471,1975001,1962193,999
145.937908,1977001,1964191,999
146.088252,1979001,1966189,999
146.228667,1981001,1968187,999
146.381057,1983001,1970185,999
146.525607,1985001,1972183,999
146.673941,1987001,1974181,999
146.820072,1989001,1976179,999
146.973801,1991001,1978177,999
147.122304,1993001,1980175,999
147.267195,1995001,1982173,999
147.414671,1997001,1984171,999
147.569421,1999001,1986169,999
147.711444,2001001,1988167,999
147.851553,2003001,1990165,999
147.993161,2005001,1992163,999
148.134835,2007001,1994161,999
148.27517,2009001,1996159,999
148.421194,2011001,1998157,999
148.579061,2013001,2000155,999
148.722035,2015001,2002153,999
148.867018,2017001,2004151,999
149.013477,2019001,2006149,999
149.163594,2021001,2008147,999
149.315526,2023001,2010145,999
149.458817,2025001,2012143,999
149.603476,2027001,2014141,999
149.760863,2029001,2016139,999
149.901285,2031001,2018137,999
150.044977,2033001,2020135,999
150.193778,2035001,2022133,999
150.346171,2037001,2024131,999
150.496748,2039001,2026129,999
150.652391,2041001,2028127,999
150.803816,2043001,2030125,999
150.947667,2045001,2032123,999
151.099081,2047001,2034121,999
151.240661,2049001,2036119,999
151.383133,2051001,2038117,999
151.530623,2053001,2040115,999
151.675388,2055001,2042113,999
151.815892,2057001,2044111,999
151.958288,2059001,2046109,999
152.105849,2061001,2048107,999
152.256033,2063001,2050105,999
152.401071,2065001,2052103,999
152.551126,2067001,2054101,999
152.701083,2069001,2056099,999
152.846997,2071001,2058097,999
152.999014,2073001,2060095,999
153.142596,2075001,2062093,999
153.297507,2077001,2064091,999
153.45361,2079001,2066089,999
153.606755,2081001,2068087,999
153.758804,2083001,2070085,999
153.907987,2085001,2072083,999
154.056415,2087001,2074081,999
154.202154,2089001,2076079,999
154.34621,2091001,2078077,999
154.486332,2093001,2080075,999
154.629818,2095001,2082073,999
154.776295,2097001,2084071,999
154.926907,2099001,2086069,999
155.072976,2101001,2088067,999
155.213406,2103001,2090065,999
155.365138,2105001,2092063,999
155.516413,2107001,2094061,999
155.668369,2109001,2096059,999
155.81866,2111001,2098057,999
155.961809,2113001,2100055,999
156.110054,2115001,2102053,999
156.267236,2117001,2104051,999
156.4169,2119001,2106049,999
156.56706,2121001,2108047,999
156.712217,2123001,2110045,999
156.860758,2125001,2112043,999
157.008022,2127001,2114041,999
157.155644,2129001,2116039,999
157.304845,2131001,2118037,999
157.456439,2133001,2120035,999
157.60219,2135001,2122033,999
157.744796,2137001,2124031,999
157.885546,2139001,2126029,999
158.030852,2141001,2128027,999
158.182121,2143001,2130025,999
158.322549,2145001,2132023,999
158.464805,2147001,2134021,999
158.612773,2149001,2136019,999
158.762856,2151001,2138017,999
158.913217,2153001,2140015,999
159.056831,2155001,2142013,999
159.20135,2157001,2144011,999
159.349775,2159001,2146009,999
159.501972,2161001,2148007,999
159.652326,2163001,2150005,999
159.794362,2165001,2152003,999
159.944848,2167001,2154001,999
160.09672,2169001,2155999,999
160.246539,2171001,2157997,999
160.393397,2173001,2159995,999
160.53782,2175001,2161993,999
160.683797,2177001,2163991,999
160.832709,2179001,2165989,999
160.987257,2181001,2167987,999
161.131706,2183001,2169985,999
161.285914,2185001,2171983,999
161.433066,2187001,2173981,999
161.573206,2189001,2175979,999
161.714387,2191001,2177977,999
161.854771,2193001,2179975,999
161.999199,2195001,2181973,999
162.144444,2197001,2183971,999
162.286458,2199001,2185969,999
162.435506,2201001,2187967,999
162.581514,2203001,2189965,999
162.731968,2205001,2191963,999
162.874657,2207001,2193943,981
163.032713,2209001,2195941,999
163.190943,2211001,2197939,999
163.339147,2213001,2199937,999
163.48461,2215001,2201474,999
163.632063,2217001,2203472,999
163.777356,2219001,2205470,999
163.921775,2221001,2207468,999
164.063481,2223001,2209466,999
164.203712,2225001,2211464,999
164.344014,2227001,2213462,999
164.484138,2229001,2215460,999
164.630412,2231001,2217458,999
164.771994,2233001,2219456,999
164.915057,2235001,2221454,999
165.07387,2237001,2223452,999
165.221557,2239001,2225450,999
165.372041,2241001,2227448,999
165.520268,2243001,2229446,999
165.671838,2245001,2231444,999
165.830205,2247001,2233442,999
165.981915,2249001,2235440,999
166.136644,2251001,2237438,999
166.280028,2253001,2239436,999
166.435943,2255001,2241434,999
166.593555,2257001,2243432,999
166.741269,2259001,2245430,999
166.902186,2261001,2247428,999
167.051098,2263001,2249426,999
167.199306,2265001,2251424,999
167.345238,2267001,2253422,999
167.494142,2269001,2255420,999
167.634618,2271001,2257418,999
167.774846,2273001,2259416,999
167.924813,2275001,2261414,999
168.066562,2277001,2263412,999
168.21845,2279001,2265410,999
168.373723,2281001,2267408,999
168.527529,2283001,2269406,999
168.673525,2285001,2271404,999
168.824619,2287001,2273402,999
168.970387,2289001,2275400,999
169.115271,2291001,2277398,999
169.268254,2293001,2279396,999
169.413259,2295001,2281394,999
169.553611,2297001,2283392,999
169.697426,2299001,2285390,999
169.855816,2301001,2287388,999
169.995914,2303001,2289386,999
170.146516,2305001,2291384,999
170.291721,2307001,2293382,999
170.452753,2309001,2295380,999
170.602482,2311001,2297378,999
170.746524,2313001,2299376,999
170.888834,2315001,2301374,999
171.029394,2317001,2303372,999
171.177313,2319001,2305370,999
171.323568,2321001,2307368,999
171.463786,2323001,2309366,999
171.60385,2325001,2311364,999
171.744086,2327001,2313362,999
171.885911,2329001,2315360,999
172.031155,2331001,2317358,999
172.175581,2333001,2319356,999
172.316469,2335001,2321354,999
172.466608,2337001,2323352,999
172.619787,2339001,2325350,999
172.76228,2341001,2327348,999
172.904044,2343001,2329346,999
173.046163,2345001,2331344,999
173.196582,2347001,2333342,999
173.344071,2349001,2335340,999
173.491003,2351001,2337338,999
173.636963,2353001,2339336,999
173.795182,2355001,2341334,999
173.94379,2357001,2343332,999
174.083941,2359001,2345330,999
174.226785,2361001,2347328,999
174.36866,2363001,2349326,999
174.51044,2365001,2351324,999
174.650814,2367001,2353322,999
174.806891,2369001,2355320,999
174.958218,2371001,2357318,999
175.100945,2373001,2359316,999
175.247396,2375001,2361314,999
175.3965,2377001,2363312,999
175.542943,2379001,2365310,999
175.68917,2381001,2367308,999
175.836165,2383001,2369306,999
175.979888,2385001,2371304,999
176.13083,2387001,2373302,999
176.286212,2389001,2375300,999
176.42732,2391001,2377298,999
176.572875,2393001,2379296,999
176.713681,2395001,2381294,999
176.868693,2397001,2383292,999
177.011418,2399001,2385290,999
177.156347,2401001,2387288,999
177.299651,2403001,2389286,999
177.455032,2405001,2391284,999
177.606174,2407001,2393282,999
177.749919,2409001,2395280,999
177.893963,2411001,2397278,999
178.039355,2413001,2399276,999
178.187771,2415001,2401274,999
178.328637,2417001,2403272,999
178.468697,2419001,2405270,999
178.615891,2421001,2407268,999
178.761164,2423001,2409266,999
178.915977,2425001,2411264,999
179.066207,2427001,2413262,999
179.215594,2429001,2415260,999
179.359625,2431001,2417258,999
179.510588,2433001,2419256,999
179.66122,2435001,2421254,999
179.801602,2437001,2423252,999
179.946668,2439001,2425250,999
180.094341,2441001,2427248,999
180.240991,2443001,2429246,999
180.385154,2445001,2431244,999
180.535717,2447001,2433242,999
180.688789,2449001,2435240,999
180.831658,2451001,2437238,999
180.981365,2453001,2439236,999
181.129852,2455001,2441234,999
181.287595,2457001,2443232,999
181.44396,2459001,2445230,999
181.592546,2461001,2447228,999
181.737513,2463001,2449226,999
181.88644,2465001,2451224,999
182.031721,2467001,2453222,999
182.178292,2469001,2455220,999
182.32671,2471001,2457218,999
182.479153,2473001,2459216,999
182.622945,2475001,2461214,999
182.772139,2477001,2463212,999
182.924069,2479001,2465210,999
183.071426,2481001,2467208,999
183.217692,2483001,2469206,999
183.367616,2485001,2471204,999
183.511761,2487001,2473202,999
183.665506,2489001,2475200,999
183.811839,2491001,2477198,999
183.959285,2493001,2479196,999
184.10146,2495001,2481194,999
184.259676,2497001,2483192,999
184.412265,2499001,2485190,999
184.564446,2501001,2487188,999
184.711142,2503001,2489186,999
184.85879,2505001,2491184,999
185.011544,2507001,2493182,999
185.161225,2509001,2495180,999
185.310095,2511001,2497178,999
185.456779,2513001,2499176,999
185.60243,2515001,2501174,999
185.747898,2517001,2503172,999
185.900896,2519001,2505170,999
186.045815,2521001,2507168,999
186.199791,2523001,2509166,999
186.353021,2525001,2511164,999
186.507561,2527001,2513162,999
186.649772,2529001,2515160,999
186.791956,2531001,2517158,999
186.936376,2533001,2519156,999
187.095814,2535001,2521154,999
187.241796,2537001,2523152,999
187.3823,2539001,2525150,999
187.528846,2541001,2527148,999
187.686414,2543001,2529146,999
187.834655,2545001,2531144,999
187.990916,2547001,2533142,999
188.138823,2549001,2535140,999
188.284257,2551001,2537138,999
188.428409,2553001,2539136,999
188.568518,2555001,2541134,999
188.721835,2557001,2543132,999
188.874297,2559001,2545130,999
189.022155,2561001,2547128,999
189.165401,2563001,2549126,999
189.316444,2565001,2551124,999
189.464549,2567001,2553122,999
189.611876,2569001,2555120,999
189.757855,2571001,2557118,999
189.912752,2573001,2559116,999
190.061891,2575001,2561114,999
190.208549,2577001,2563112,999
190.36087,2579001,2565110,999
190.506865,2581001,2567108,999
190.647743,2583001,2569106,999
190.794654,2585001,2571104,999
190.938595,2587001,2573102,999
191.088274,2589001,2575100,999
191.232126,2591001,2577098,999
191.392094,2593001,2579096,999
191.54237,2595001,2581094,999
191.682579,2597001,2583092,999
191.832808,2599001,2585090,999
191.9739,2601001,2587088,999
192.124703,2603001,2589086,999
192.264773,2605001,2591084,999
192.415572,2607001,2593082,999
192.564489,2609001,2595080,999
192.722263,2611001,2597078,999
192.867249,2613001,2599076,999
193.011692,2615001,2601074,999
193.155689,2617001,2602787,999
193.299118,2619001,2604785,999
193.449765,2621001,2606783,999
193.591744,2623001,2608353,571
193.73295,2625001,2609734,999
193.876562,2627001,2611732,999
194.022192,2629001,2613730,999
194.169061,2631001,2615728,999
194.321946,2633001,2617726,999
194.467618,2635001,2619724,999
194.613949,2637001,2621722,999
194.770664,2639001,2623720,999
194.937204,2641001,2625718,999
195.086909,2643001,2627716,999
195.231871,2645001,2629714,999
195.3778,2647001,2631712,999
195.531177,2649001,2633710,999
195.674568,2651001,2635708,999
195.826723,2653001,2637706,999
195.97682,2655001,2639704,999
196.117214,2657001,2641702,999
196.264172,2659001,2643700,999
196.406271,2661001,2645698,999
196.550734,2663001,2647696,999
196.691225,2665001,2649694,999
196.843317,2667001,2651692,999
196.994394,2669001,2653690,999
197.141832,2671001,2655688,999
197.293675,2673001,2657686,999
197.439598,2675001,2659684,999
197.583134,2677001,2661682,999
197.728124,2679001,2663680,999
197.875513,2681001,2665678,999
198.024858,2683001,2667676,999
198.172926,2685001,2669674,999
198.31362,2687001,2671672,999
198.463534,2689001,2673670,999
198.607128,2691001,2675668,999
198.760027,2693001,2677666,999
198.915544,2695001,2679664,999
199.064647,2697001,2681662,999
199.204914,2699001,2683660,999
199.345027,2701001,2685658,999
199.4887,2703001,2687656,999
199.637494,2705001,2689654,999
199.782516,2707001,2691652,999
199.939493,2709001,2693650,999
200.085199,2711001,2695648,999
200.227692,2713001,2697646,999
200.378539,2715001,2699644,999
200.535546,2717001,2701642,999
200.676349,2719001,2703640,999
200.823446,2721001,2705638,999
200.972935,2723001,2707636,999
201.115157,2725001,2709634,999
201.268879,2727001,2711632,999
201.429054,2729001,2713630,999
201.572976,2731001,2715628,999
201.729771,2733001,2717626,999
201.876809,2735001,2719624,999
202.023978,2737001,2721622,999
202.175166,2739001,2723620,999
202.32162,2741001,2725618,999
202.470638,2743001,2727616,999
202.615442,2745001,2729614,999
202.769723,2747001,2731612,999
202.91503,2749001,2733610,999
203.055966,2751001,2735608,999
203.207994,2753001,2737606,999
203.354444,2755001,2739604,999
203.506205,2757001,2741602,999
203.647617,2759001,2743600,999
203.794253,2761001,2745598,999
203.947173,2763001,2747596,999
204.101627,2765001,2749594,999
204.249819,2767001,2751592,999
204.40152,2769001,2753590,999
204.547444,2771001,2755588,999
204.690658,2773001,2757586,999
204.841616,2775001,2759584,999
204.987048,2777001,2761582,999
205.132733,2779001,2763580,999
205.28175,2781001,2765578,999
205.429327,2783001,2767576,999
205.577786,2785001,2769574,999
205.721732,2787001,2771572,999
205.876974,2789001,2773570,999
206.02199,2791001,2775568,999
206.1746,2793001,2777566,999
206.328777,2795001,2779564,999
206.476094,2797001,2781562,999
206.618067,2799001,2783560,999
206.759716,2801001,2785558,999
206.904179,2803001,2787556,999
207.049345,2805001,2789554,999
207.19133,2807001,2791552,999
207.340556,2809001,2793550,999
207.488967,2811001,2795548,999
207.643436,2813001,2797546,999
207.792445,2815001,2799544,999
207.939574,2817001,2801542,999
208.09728,2819001,2803540,999
208.240176,2821001,2805538,999
208.38041,2823001,2807536,999
208.522644,2825001,2809534,999
208.662732,2827001,2811532,999
208.80924,2829001,2813530,999
208.954723,2831001,2815528,999
209.097592,2833001,2817526,999
209.246831,2835001,2819524,999
209.397751,2837001,2821522,999
209.548982,2839001,2823520,999
209.693946,2841001,2825518,999
209.84195,2843001,2827516,999
209.982618,2845001,2829514,999
210.132807,2847001,2831512,999
210.277045,2849001,2833510,999
210.428626,2851001,2835508,999
210.577084,2853001,2837506,999
210.725226,2855001,2839504,999
210.873601,2857001,2841502,999
211.032698,2859001,2843500,999
211.180427,2861001,2845498,999
211.322687,2863001,2847496,999
211.46596,2865001,2849494,999
211.606246,2867001,2851492,999
211.746704,2869001,2853490,999
211.901878,2871001,2855488,999
212.062084,2873001,2857486,999
212.208834,2875001,2859484,999
212.357885,2877001,2861482,999
212.50415,2879001,2863480,999
212.658108,2881001,2865478,999
212.818478,2883001,2867476,999
212.964967,2885001,2869474,999
213.119967,2887001,2871472,999
213.269151,2889001,2873470,999
213.417566,2891001,2875468,999
213.563567,2893001,2877466,999
213.714994,2895001,2879464,999
213.859841,2897001,2881462,999
214.012924,2899001,2883460,999
214.162117,2901001,2885458,999
214.313933,2903001,2887456,999
214.462364,2905001,2889454,999
214.624147,2907001,2891452,999
214.781167,2909001,2893450,999
214.932359,2911001,2895448,999
215.0857,2913001,2897446,999
215.242601,2915001,2899444,999
215.39367,2917001,2901442,999
215.544182,2919001,2903440,999
215.689656,2921001,2905438,999
215.847046,2923001,2907436,999
215.996632,2925001,2909434,999
216.139485,2927001,2911432,999
216.287547,2929001,2913430,999
216.434366,2931001,2915428,999
216.60831,2933001,2917426,999
216.766278,2935001,2919424,999
216.915221,2937001,2921422,999
217.055436,2939001,2923420,999
217.197758,2941001,2925418,999
217.351112,2943001,2927416,999
217.493542,2945001,2929414,999
217.63357,2947001,2931412,999
217.773923,2949001,2933410,999
217.91401,2951001,2935408,999
218.056149,2953001,2937406,999
218.207929,2955001,2939404,999
218.358377,2957001,2941402,999
218.503272,2959001,2943400,999
218.650054,2961001,2945398,999
218.808625,2963001,2947396,999
218.960201,2965001,2949394,999
219.101354,2967001,2951392,999
219.261684,2969001,2953390,999
219.415137,2971001,2955388,999
219.556085,2973001,2957386,999
219.706784,2975001,2959384,999
219.857499,2977001,2961382,999
220.012597,2979001,2963380,999
220.175017,2981001,2965378,999
220.317594,2983001,2967376,999
220.457665,2985001,2969374,999
220.610155,2987001,2971372,999
220.76798,2989001,2973370,999
220.920271,2991001,2975368,999
221.070093,2993001,2977366,999
221.221419,2995001,2979364,999
221.370154,2997001,2981362,999
221.51467,2999001,2983360,999
221.67411,3001001,2985358,999
221.825528,3003001,2987356,999
221.972209,3005001,2989354,999
222.122735,3007001,2991352,999
222.269675,3009001,2993350,999
222.413754,3011001,2995348,999
222.558582,3013001,2997346,999
222.704729,3015001,2999344,999
222.855837,3017001,3001342,999
223.002766,3019001,3003340,999
223.154035,3021001,3005338,999
223.303393,3023001,3006750,413
223.461254,3025001,3008553,999
223.616884,3027001,3010551,999
223.766716,3029001,3012549,999
223.916021,3031001,3014429,999
224.063762,3033001,3016427,999
224.203749,3035001,3018425,999
224.370659,3037001,3020423,999
224.51273,3039001,3022421,999
224.66007,3041001,3024419,999
224.80484,3043001,3026417,999
224.959227,3045001,3028415,999
225.111532,3047001,3030413,999
225.260606,3049001,3032411,999
225.408942,3051001,3034409,999
225.565743,3053001,3036407,999
225.725855,3055001,3038405,999
225.884183,3057001,3040403,999
226.030528,3059001,3042401,999
226.176008,3061001,3044399,999
226.324642,3063001,3046397,999
226.476476,3065001,3048395,999
226.626535,3067001,3050393,999
226.774771,3069001,3052391,999
226.914885,3071001,3054389,999
227.058213,3073001,3056387,999
227.204595,3075001,3058385,999
227.352433,3077001,3060383,999
227.496614,3079001,3062381,999
227.639532,3081001,3064379,999
227.783036,3083001,3066377,999
227.926032,3085001,3068375,999
228.084324,3087001,3070373,999
228.232941,3089001,3072371,999
228.388571,3091001,3074369,999
228.533195,3093001,3076367,999
228.674194,3095001,3078365,999
228.82076,3097001,3080363,999
228.97115,3099001,3082361,999
229.126166,3101001,3084359,999
229.270221,3103001,3086357,999
229.413628,3105001,3088355,999
229.567001,3107001,3090353,999
229.708267,3109001,3092351,999
229.86219,3111001,3094349,999
230.008793,3113001,3096347,999
230.155013,3115001,3098345,999
230.301492,3117001,3100343,999
230.454676,3119001,3102341,999
230.602862,3121001,3104339,999
230.744195,3123001,3106337,999
230.891846,3125001,3108335,999
231.037856,3127001,3110333,999
231.189725,3129001,3112331,999
231.334156,3131001,3114329,999
231.484272,3133001,3116327,999
231.629922,3135001,3118325,999
231.773935,3137001,3120323,999
231.920559,3139001,3122321,999
232.084604,3141001,3124319,999
232.232877,3143001,3126317,999
232.388839,3145001,3128315,999
232.550435,3147001,3130313,999
232.690672,3149001,3132311,999
232.837116,3151001,3134309,999
232.993697,3153001,3136307,999
233.141576,3155001,3138305,999
233.288593,3157001,3140303,999
233.449526,3159001,3142301,999
233.598944,3161001,3144299,999
233.742648,3163001,3146297,999
233.884893,3165001,3148295,999
234.035125,3167001,3150293,999
234.181938,3169001,3152291,999
234.336496,3171001,3154289,999
234.481727,3173001,3156287,999
234.622445,3175001,3158285,999
234.765862,3177001,3160283,999
234.912069,3179001,3162281,999
235.055101,3181001,3164279,999
235.201185,3183001,3166277,999
235.355982,3185001,3168275,999
235.499983,3187001,3170273,999
235.645601,3189001,3172271,999
235.787793,3191001,3174269,999
235.941434,3193001,3176267,999
236.091099,3195001,3178265,999
236.240343,3197001,3180263,999
236.381471,3199001,3182261,999
236.522633,3201001,3184259,999
236.674366,3203001,3186257,999
236.818488,3205001,3188255,999
236.961214,3207001,3190253,999
237.112159,3209001,3192251,999
237.254063,3211001,3194249,999
237.400581,3213001,3196247,999
237.544983,3215001,3198245,999
237.697087,3217001,3200243,999
237.842345,3219001,3202241,999
237.995904,3221001,3204239,999
238.13684,3223001,3206237,999
238.282765,3225001,3208235,999
238.431075,3227001,3210233,999
238.574305,3229001,3212231,999
238.728686,3231001,3214229,999
238.881546,3233001,3216227,999
239.024944,3235001,3218225,999
239.171079,3237001,3220223,999
239.314916,3239001,3222221,999
239.475753,3241001,3224219,999
239.635814,3243001,3226217,999
239.787918,3245001,3228215,999
239.935598,3247001,3230213,999
240.083556,3249001,3232211,999
240.231888,3251001,3234209,999
240.382389,3253001,3236207,999
240.538399,3255001,3238205,999
240.688948,3257001,3240203,999
240.836684,3259001,3242201,999
240.978878,3261001,3244199,999
241.128049,3263001,3246197,999
241.277786,3265001,3248195,999
241.43435,3267001,3250193,999
241.592192,3269001,3252191,999
241.734131,3271001,3254189,999
241.874307,3273001,3256187,999
242.019902,3275001,3258185,999
242.16131,3277001,3260183,999
242.309399,3279001,3262181,999
242.45968,3281001,3264179,999
242.613331,3283001,3266177,999
242.762583,3285001,3268175,999
242.922103,3287001,3270173,999
243.07257,3289001,3272171,999
243.216706,3291001,3274169,999
243.356932,3293001,3276167,999
243.501665,3295001,3278165,999
243.657317,3297001,3280163,999
243.801946,3299001,3282161,999
243.958977,3301001,3284159,999
244.110675,3303001,3286157,999
244.256951,3305001,3288155,999
244.414133,3307001,3290153,999
244.567879,3309001,3292151,999
244.71175,3311001,3294149,999
244.853039,3313001,3296147,999
245.015605,3315001,3298145,999
245.158193,3317001,3300143,999
245.30198,3319001,3302141,999
245.44737,3321001,3304139,999
245.60629,3323001,3306137,999
245.750989,3325001,3308135,999
245.902621,3327001,3310133,999
246.04337,3329001,3312131,999
246.196391,3331001,3314129,999
246.347749,3333001,3316127,999
246.496621,3335001,3318125,999
246.646224,3337001,3320123,999
246.786485,3339001,3322121,999
246.929937,3341001,3324119,999
247.080876,3343001,3326117,999
247.230196,3345001,3328115,999
247.380164,3347001,3330113,999
247.532633,3349001,3332111,999
247.677868,3351001,3334109,999
247.829715,3353001,3336107,999
247.984073,3355001,3338105,999
248.128288,3357001,3340103,999
248.274591,3359001,3342101,999
248.417025,3361001,3344099,999
248.562823,3363001,3346097,999
248.712238,3365001,3348095,999
248.857659,3367001,3350093,999
249.000089,3369001,3352091,999
249.15034,3371001,3354089,999
249.299492,3373001,3356087,999
249.440723,3375001,3358085,999
249.581186,3377001,3360083,999
249.727396,3379001,3362081,999
249.867911,3381001,3364079,999
250.019744,3383001,3366077,999
250.163682,3385001,3368075,999
250.318027,3387001,3370073,999
250.462654,3389001,3372071,999
250.60283,3391001,3374069,999
250.752847,3393001,3376067,999
250.905954,3395001,3378065,999
251.051774,3397001,3380063,999
251.196222,3399001,3382061,999
251.353411,3401001,3384059,999
251.505539,3403001,3386057,999
251.645882,3405001,3388055,999
251.794947,3407001,3390053,999
251.934997,3409001,3392051,999
252.087194,3411001,3394049,999
252.235662,3413001,3396047,999
252.37754,3415001,3398045,999
252.522721,3417001,3400043,999
252.666686,3419001,3402041,999
252.821675,3421001,3404039,999
252.971462,3423001,3406037,999
253.11774,3425001,3408035,999
253.258724,3427001,3410033,999
253.421702,3429001,3412031,999
253.570728,3431001,3412719,92
253.714523,3433001,3414717,999
253.86676,3435001,3416715,999
254.02287,3437001,3418115,401
254.171731,3439001,3419723,999
254.316655,3441001,3421721,999
254.467969,3443001,3423719,999
254.608577,3445001,3425717,999
254.763574,3447001,3427715,999
254.903686,3449001,3429713,999
255.043787,3451001,3431711,999
255.192762,3453001,3433709,999
255.338445,3455001,3435707,999
255.489387,3457001,3437705,999
255.636731,3459001,3439703,999
255.781551,3461001,3441701,999
255.922232,3463001,3443699,999
256.068234,3465001,3445697,999
256.214159,3467001,3447695,999
256.370825,3469001,3449693,999
256.524746,3471001,3451691,999
256.679263,3473001,3453689,999
256.82368,3475001,3455687,999
256.972949,3477001,3457685,999
257.135674,3479001,3459683,999
257.285818,3481001,3461681,999
257.443309,3483001,3463679,999
257.595468,3485001,3465677,999
257.753539,3487001,3467675,999
257.896861,3489001,3469673,999
258.04168,3491001,3471671,999
258.181811,3493001,3473669,999
258.332048,3495001,3475667,999
258.472668,3497001,3477665,999
258.617405,3499001,3479663,999
258.773031,3501001,3481661,999
258.926064,3503001,3483659,999
259.078024,3505001,3485657,999
259.228456,3507001,3487655,999
259.381238,3509001,3489653,999
259.524588,3511001,3491651,999
259.683878,3513001,3493649,999
259.827324,3515001,3495647,999
259.984743,3517001,3497645,999
260.141856,3519001,3499643,999
260.289495,3521001,3501641,999
260.433645,3523001,3503639,999
260.585393,3525001,3505637,999
260.732443,3527001,3507635,999
260.875212,3529001,3509633,999
261.019117,3531001,3511631,999
261.164241,3533001,3513629,999
261.30446,3535001,3515627,999
261.444581,3537001,3517625,999
261.585944,3539001,3519623,999
261.731228,3541001,3521621,999
261.877397,3543001,3523619,999
262.01902,3545001,3525617,999
262.16779,3547001,3527615,999
262.324214,3549001,3529613,999
262.486432,3551001,3531611,999
262.62952,3553001,3533609,999
262.778352,3555001,3535607,999
262.922103,3557001,3537605,999
263.066673,3559001,3539603,999
263.21178,3561001,3541601,999
263.352331,3563001,3543599,999
263.496118,3565001,3545597,999
263.651232,3567001,3547595,999
263.799826,3569001,3549593,999
263.944406,3571001,3551591,999
264.086343,3573001,3553589,999
264.228464,3575001,3555587,999
264.383935,3577001,3557585,999
264.528591,3579001,3559583,999
264.676285,3581001,3561581,999
264.823577,3583001,3563579,999
264.969139,3585001,3565577,999
265.120168,3587001,3567575,999
265.269502,3589001,3569573,999
265.417001,3591001,3571571,999
265.57508,3593001,3573569,999
265.728602,3595001,3575567,999
265.882192,3597001,3577565,999
266.042355,3599001,3579563,999
266.18874,3601001,3581561,999
266.331837,3603001,3583559,999
266.499591,3605001,3585557,999
266.645846,3607001,3587555,999
266.791025,3609001,3589553,999
266.945875,3611001,3591551,999
267.086873,3613001,3593549,999
267.23497,3615001,3595547,999
267.381357,3617001,3597545,999
267.525007,3619001,3599543,999
267.672605,3621001,3601541,999
267.825236,3623001,3603539,999
267.970766,3625001,3605537,999
268.126774,3627001,3607535,999
268.26928,3629001,3609533,999
268.422627,3631001,3611531,999
268.572355,3633001,3613529,999
268.716527,3635001,3615527,999
268.858122,3637001,3617525,999
269.006193,3639001,3619523,999
269.1579,3641001,3621521,999
269.297952,3643001,3623519,999
269.445527,3645001,3625517,999
269.598095,3647001,3627515,999
269.752835,3649001,3629513,999
269.894757,3651001,3631511,999
270.051309,3653001,3633509,999
270.19386,3655001,3635507,999
270.338129,3657001,3637505,999
270.481759,3659001,3639503,999
270.634358,3661001,3641501,999
270.789333,3663001,3643499,999
270.943112,3665001,3645497,999
271.10679,3667001,3647495,999
271.264705,3669001,3649493,999
271.416269,3671001,3651491,999
271.569569,3673001,3653489,999
271.71543,3675001,3655487,999
271.85661,3677001,3657485,999
271.996698,3679001,3659483,999
272.141036,3681001,3661481,999
272.291387,3683001,3663479,999
272.431607,3685001,3665477,999
272.57184,3687001,3667475,999
272.712096,3689001,3669473,999
272.852309,3691001,3671471,999
273.002881,3693001,3673469,999
273.1429,3695001,3675467,999
273.283351,3697001,3677465,999
273.42704,3699001,3679463,999
273.578794,3701001,3681461,999
273.731412,3703001,3683459,999
273.872727,3705001,3685457,999
274.01781,3707001,3687455,999
274.165239,3709001,3689453,999
274.311147,3711001,3691451,999
274.464543,3713001,3693449,999
274.627468,3715001,3695447,999
274.777403,3717001,3697445,999
274.935185,3719001,3699443,999
275.076576,3721001,3701441,999
275.237962,3723001,3703439,999
275.39352,3725001,3705437,999
275.541263,3727001,3707435,999
275.68399,3729001,3709433,999
275.825171,3731001,3711431,999
275.968147,3733001,3713429,999
276.114756,3735001,3715427,999
276.256195,3737001,3717425,999
276.414157,3739001,3719423,999
276.556344,3741001,3721421,999
276.703546,3743001,3723419,999
276.849962,3745001,3725417,999
277.003349,3747001,3727415,999
277.158769,3749001,3729413,999
277.313132,3751001,3731411,999
277.466959,3753001,3733409,999
277.615922,3755001,3735407,999
277.769992,3757001,3737405,999
277.925898,3759001,3739403,999
278.079147,3761001,3741401,999
278.231838,3763001,3743399,999
278.398128,3765001,3745397,999
278.546112,3767001,3747395,999
278.698183,3769001,3749393,999
278.846631,3771001,3751391,999
279.000508,3773001,3753389,999
279.141117,3775001,3755387,999
279.288682,3777001,3757385,999
279.437394,3779001,3759383,999
279.5952,3781001,3761381,999
279.73863,3783001,3763379,999
279.891585,3785001,3765377,999
280.038643,3787001,3767375,999
280.186836,3789001,3769373,999
280.336746,3791001,3771371,999
280.487217,3793001,3773369,999
280.635152,3795001,3775367,999
280.775382,3797001,3777365,999
280.921306,3799001,3779363,999
281.070573,3801001,3781361,999
281.221687,3803001,3783359,999
281.37417,3805001,3785357,999
281.523508,3807001,3787355,999
281.670319,3809001,3789353,999
281.814208,3811001,3791351,999
281.964205,3813001,3793349,999
282.115687,3815001,3795347,999
282.261944,3817001,3797345,999
282.406984,3819001,3799343,999
282.556053,3821001,3801341,999
282.711991,3823001,3803339,999
282.858365,3825001,3805337,999
283.001119,3827001,3807335,999
283.150225,3829001,3809333,999
283.29765,3831001,3811331,999
283.451423,3833001,3813329,999
283.600455,3835001,3815327,999
283.744623,3837001,3817244,940
283.897973,3839001,3819242,999
284.044945,3841001,3821240,999
284.192594,3843001,3823134,895
284.338385,3845001,3824711,999
284.482371,3847001,3826709,999
284.625293,3849001,3828707,999
284.765708,3851001,3830705,999
284.919142,3853001,3832703,999
285.06999,3855001,3834701,999
285.218415,3857001,3836699,999
285.368457,3859001,3838697,999
285.515138,3861001,3840695,999
285.656124,3863001,3842693,999
285.819737,3865001,3844691,999
285.960009,3867001,3846689,999
286.108103,3869001,3848687,999
286.251269,3871001,3850685,999
286.405086,3873001,3852683,999
286.545325,3875001,3854681,999
286.69602,3877001,3856679,999
286.83942,3879001,3858677,999
286.99068,3881001,3860675,999
287.13067,3883001,3862673,999
287.294438,3885001,3864671,999
287.441174,3887001,3866669,999
287.585726,3889001,3868667,999
287.730128,3891001,3870665,999
287.878116,3893001,3872663,999
288.03121,3895001,3874661,999
288.18176,3897001,3876659,999
288.334632,3899001,3878657,999
288.483456,3901001,3880655,999
288.636606,3903001,3882653,999
288.790142,3905001,3884651,999
288.936094,3907001,3886649,999
289.085177,3909001,3888647,999
289.235722,3911001,3890645,999
289.385426,3913001,3892643,999
289.537636,3915001,3894641,999
289.686596,3917001,3896639,999
289.826776,3919001,3898637,999
289.966847,3921001,3900635,999
290.107125,3923001,3902633,999
290.247334,3925001,3904631,999
290.389569,3927001,3906629,999
290.529643,3929001,3908627,999
290.669842,3931001,3910625,999
290.80988,3933001,3912623,999
290.969249,3935001,3914621,999
291.117662,3937001,3916619,999
291.259708,3939001,3918617,999
291.404455,3941001,3920615,999
291.551588,3943001,3922613,999
291.693432,3945001,3924611,999
291.848862,3947001,3926609,999
291.992713,3949001,3928607,999
292.148184,3951001,3930605,999
292.290676,3953001,3932603,999
292.430828,3955001,3934601,999
292.575044,3957001,3936599,999
292.721596,3959001,3938597,999
292.863021,3961001,3940595,999
293.008604,3963001,3942593,999
293.149613,3965001,3944591,999
293.294788,3967001,3946589,999
293.435322,3969001,3948587,999
293.577564,3971001,3950585,999
293.726198,3973001,3952583,999
293.876967,3975001,3954581,999
294.023315,3977001,3956579,999
294.167066,3979001,3958577,999
294.317151,3981001,3960575,999
294.463634,3983001,3962573,999
294.60677,3985001,3964571,999
294.76103,3987001,3966569,999
294.910741,3989001,3968567,999
295.062618,3991001,3970565,999
295.216144,3993001,3972563,999
295.368125,3995001,3974561,999
295.516247,3997001,3976559,999
295.659,3999001,3978557,999
295.804851,4001001,3980555,999
295.947257,4003001,3982553,999
296.094139,4005001,3984551,999
296.247964,4007001,3986549,999
296.390947,4009001,3988547,999
296.551036,4011001,3990545,999
296.694643,4013001,3992543,999
296.836963,4015001,3994541,999
296.985844,4017001,3996539,999
297.129023,4019001,3998537,999
297.284837,4021001,4000535,999
297.428102,4023001,4002533,999
297.57696,4025001,4004531,999
297.717924,4027001,4006529,999
297.863087,4029001,4008527,999
298.007848,4031001,4010525,999
298.14829,4033001,4012523,999
298.291035,4035001,4014521,999
298.435568,4037001,4016519,999
298.590146,4039001,4018517,999
298.747522,4041001,4020515,999
298.895095,4043001,4022513,999
299.05213,4045001,4024511,999
299.198577,4047001,4026509,999
299.339078,4049001,4028507,999
299.479283,4051001,4030505,999
299.619383,4053001,4032503,999
299.759499,4055001,4034501,999
299.904026,4057001,4036499,999
300.047347,4059001,4038497,999
300.188932,4061001,4040495,999
300.336109,4063001,4042493,999
300.477143,4065001,4044491,999
300.617174,4067001,4046489,999
300.762975,4069001,4048487,999
300.907963,4071001,4050485,999
301.05724,4073001,4052483,999
301.202607,4075001,4054481,999
301.350292,4077001,4056479,999
301.504335,4079001,4058477,999
301.650516,4081001,4060475,999
301.796199,4083001,4062473,999
301.960504,4085001,4064471,999
302.100901,4087001,4066469,999
302.25338,4089001,4068467,999
302.396435,4091001,4070465,999
302.550642,4093001,4072463,999
302.693327,4095001,4074461,999
302.842957,4097001,4076459,999
302.992857,4099001,4078457,999
303.141019,4101001,4080455,999
303.29002,4103001,4082453,999
303.438212,4105001,4084451,999
303.59589,4107001,4086449,999
303.740506,4109001,4088447,999
303.882637,4111001,4090445,999
304.029927,4113001,4092443,999
304.177652,4115001,4094441,999
304.321122,4117001,4096439,999
304.461103,4119001,4098437,999
304.601587,4121001,4100435,999
304.743929,4123001,4102433,999
304.891733,4125001,4104431,999
305.039657,4127001,4106429,999
305.190365,4129001,4108427,999
305.335819,4131001,4110425,999
305.480948,4133001,4112423,999
305.634498,4135001,4114421,999
305.784784,4137001,4116419,999
305.934491,4139001,4118417,999
306.076292,4141001,4120415,999
306.225567,4143001,4122413,999
306.36579,4145001,4124411,999
306.513556,4147001,4126409,999
306.653985,4149001,4128407,999
306.794237,4151001,4130405,999
306.942133,4153001,4132403,999
307.090642,4155001,4134401,999
307.230828,4157001,4136399,999
307.378564,4159001,4138397,999
307.52999,4161001,4140395,999
307.681967,4163001,4142393,999
307.839715,4165001,4144391,999
307.98909,4167001,4146389,999
308.136888,4169001,4148387,999
308.290623,4171001,4150385,999
308.436832,4173001,4152383,999
308.581935,4175001,4154381,999
308.729725,4177001,4156379,999
308.878873,4179001,4158377,999
309.031959,4181001,4160375,999
309.18547,4183001,4162373,999
309.330553,4185001,4164371,999
309.483213,4187001,4166369,999
309.632365,4189001,4168367,999
309.782769,4191001,4170365,999
309.93408,4193001,4172363,999
310.078318,4195001,4174361,999
310.218594,4197001,4176359,999
310.36392,4199001,4178357,999
310.512794,4201001,4180355,999
310.665044,4203001,4182353,999
310.809014,4205001,4184351,999
310.963438,4207001,4186349,999
311.117393,4209001,4188347,999
311.263722,4211001,4190345,999
311.40918,4213001,4192343,999
311.549953,4215001,4194341,999
311.701755,4217001,4196339,999
311.847619,4219001,4198337,999
311.994325,4221001,4200335,999
312.148812,4223001,4202333,999
312.294298,4225001,4204331,999
312.434529,4227001,4206329,999
312.584304,4229001,4208327,999
312.738138,4231001,4210325,999
312.88751,4233001,4212323,999
313.034919,4235001,4214321,999
313.182164,4237001,4216319,999
313.331426,4239001,4218317,999
313.476297,4241001,4220315,999
313.61907,4243001,4222313,999
313.75911,4245001,4224311,999
313.906118,4247001,4225967,657
314.060603,4249001,4227363,999
314.202459,4251001,4229361,999
314.342695,4253001,4231359,999
314.483072,4255001,4232892,811
314.62308,4257001,4234890,999
314.763307,4259001,4236888,999
314.906919,4261001,4238886,999
315.067308,4263001,4240884,999
315.216957,4265001,4242882,999
315.366731,4267001,4244880,999
315.509633,4269001,4246878,999
315.652696,4271001,4248876,999
315.798001,4273001,4250874,999
315.941749,4275001,4252872,999
316.091675,4277001,4254870,999
316.240333,4279001,4256868,999
316.392348,4281001,4258866,999
316.536583,4283001,4260864,999
316.684526,4285001,4262862,999
316.830871,4287001,4264860,999
316.994758,4289001,4266858,999
317.135428,4291001,4268856,999
317.275962,4293001,4270854,999
317.418485,4295001,4272852,999
317.573923,4297001,4274850,999
317.724027,4299001,4276848,999
317.874249,4301001,4278846,999
318.022616,4303001,4280844,999
318.177911,4305001,4282842,999
318.331313,4307001,4284840,999
318.485059,4309001,4286838,999
318.631035,4311001,4288836,999
318.776586,4313001,4290834,999
318.931923,4315001,4292832,999
319.080637,4317001,4294830,999
319.222614,4319001,4296828,999
319.368543,4321001,4298826,999
319.514718,4323001,4300824,999
319.65494,4325001,4302822,999
319.80393,4327001,4304820,999
319.954378,4329001,4306818,999
320.103782,4331001,4308816,999
320.246157,4333001,4310814,999
320.39201,4335001,4312812,999
320.542997,4337001,4314810,999
320.686984,4339001,4316808,999
320.828174,4341001,4318806,999
320.982515,4343001,4320804,999
321.128998,4345001,4322802,999
321.288563,4347001,4324800,999
321.446065,4349001,4326798,999
321.593943,4351001,4328796,999
321.741895,4353001,4330794,999
321.883165,4355001,4332792,999
322.034076,4357001,4334790,999
322.17479,4359001,4336788,999
322.321658,4361001,4338786,999
322.4661,4363001,4340784,999
322.618136,4365001,4342782,999
322.762924,4367001,4344780,999
322.916046,4369001,4346778,999
323.066542,4371001,4348776,999
323.21145,4373001,4350774,999
323.360598,4375001,4352772,999
323.508085,4377001,4354770,999
323.657701,4379001,4356768,999
323.805015,4381001,4358766,999
323.953097,4383001,4360764,999
324.098186,4385001,4362762,999
324.24199,4387001,4364760,999
324.392913,4389001,4366758,999
324.547098,4391001,4368756,999
324.692818,4393001,4370754,999
324.834033,4395001,4372752,999
324.981703,4397001,4374750,999
325.122161,4399001,4376748,999
325.269204,4401001,4378746,999
325.409271,4403001,4380744,999
325.549295,4405001,4382742,999
325.689881,4407001,4384740,999
325.834367,4409001,4386738,999
325.981919,4411001,4388736,999
326.122609,4413001,4390734,999
326.298403,4415001,4392732,999
326.449566,4417001,4394730,999
326.595302,4419001,4396728,999
326.740865,4421001,4398726,999
326.888521,4423001,4400724,999
327.039488,4425001,4402722,999
327.181804,4427001,4404720,999
327.32525,4429001,4406718,999
327.46547,4431001,4408716,999
327.610384,4433001,4410714,999
327.757132,4435001,4412712,999
327.897486,4437001,4414710,999
328.046773,4439001,4416708,999
328.193077,4441001,4418706,999
328.346466,4443001,4420704,999
328.497155,4445001,4422702,999
328.639445,4447001,4424700,999
328.780741,4449001,4426698,999
328.921519,4451001,4428696,999
329.065641,4453001,4430694,999
329.209884,4455001,4432692,999
329.363254,4457001,4434690,999
329.520556,4459001,4436688,999
329.68134,4461001,4438686,999
329.822558,4463001,4440684,999
329.97489,4465001,4442682,999
330.122606,4467001,4444680,999
330.269473,4469001,4446678,999
330.424404,4471001,4448676,999
330.586916,4473001,4450674,999
330.743485,4475001,4452672,999
330.897794,4477001,4454670,999
331.049511,4479001,4456668,999
331.209209,4481001,4458666,999
331.360504,4483001,4460664,999
331.521081,4485001,4462662,999
331.672647,4487001,4464660,999
331.816892,4489001,4466658,999
331.957822,4491001,4468656,999
332.104103,4493001,4470654,999
332.248945,4495001,4472652,999
332.390517,4497001,4474650,999
332.539235,4499001,4476648,999
332.679574,4501001,4478646,999
332.819615,4503001,4480644,999
332.966859,4505001,4482642,999
333.113109,4507001,4484640,999
333.264677,4509001,4486638,999
333.41389,4511001,4488636,999
333.566202,4513001,4490634,999
333.711849,4515001,4492632,999
333.864225,4517001,4494630,999
334.005487,4519001,4496628,999
334.152836,4521001,4498626,999
334.309906,4523001,4500624,999
334.461687,4525001,4502622,999
334.618678,4527001,4504620,999
334.773805,4529001,4506618,999
334.93538,4531001,4508616,999
335.081566,4533001,4510614,999
335.222923,4535001,4512612,999
335.375755,4537001,4514610,999
335.527014,4539001,4516608,999
335.672172,4541001,4518606,999
335.817503,4543001,4520604,999
335.957801,4545001,4522602,999
336.10039,4547001,4524600,999
336.240552,4549001,4526598,999
336.384684,4551001,4528596,999
336.524814,4553001,4530594,999
336.669895,4555001,4532592,999
336.813708,4557001,4534590,999
336.960168,4559001,4536588,999
337.107877,4561001,4538586,999
337.248208,4563001,4540584,999
337.388843,4565001,4542582,999
337.529153,4567001,4544580,999
337.670761,4569001,4546578,999
337.817738,4571001,4548576,999
337.959673,4573001,4550574,999
338.106723,4575001,4552572,999
338.254381,4577001,4554570,999
338.395967,4579001,4556568,999
338.542025,4581001,4558566,999
338.68645,4583001,4560564,999
338.836545,4585001,4562562,999
338.979922,4587001,4564560,999
339.13337,4589001,4566558,999
339.282144,4591001,4568556,999
339.438859,4593001,4570554,999
339.587574,4595001,4572552,999
339.732731,4597001,4574550,999
339.883981,4599001,4576548,999
340.038482,4601001,4578546,999
340.184525,4603001,4580544,999
340.32513,4605001,4582542,999
340.468177,4607001,4584540,999
340.618153,4609001,4586538,999
340.760188,4611001,4588536,999
340.905457,4613001,4590534,999
341.045574,4615001,4592532,999
341.197933,4617001,4594530,999
341.35716,4619001,4596528,999
341.504684,4621001,4598526,999
341.647991,4623001,4600524,999
341.793044,4625001,4602522,999
341.94086,4627001,4604520,999
342.098335,4629001,4606518,999
342.244956,4631001,4608516,999
342.395833,4633001,4610514,999
342.547099,4635001,4612512,999
342.70551,4637001,4614510,999
342.849434,4639001,4616508,999
343.004828,4641001,4618506,999
343.158041,4643001,4620504,999
343.299751,4645001,4622502,999
343.444606,4647001,4624500,999
343.58792,4649001,4626498,999
343.731514,4651001,4628496,999
343.88339,4653001,4630494,999
344.041281,4655001,4632492,999
344.192136,4657001,4634476,999
344.342512,4659001,4636474,999
344.488555,4661001,4638472,999
344.636211,4663001,4640351,880
344.790102,4665001,4642349,999
344.940568,4667001,4644347,999
345.087254,4669001,4646345,999
345.23203,4671001,4648343,999
345.372251,4673001,4650341,999
345.519875,4675001,4652339,999
345.669766,4677001,4654337,999
345.815966,4679001,4656335,999
345.967481,4681001,4658333,999
346.107753,4683001,4660331,999
346.247893,4685001,4662329,999
346.395986,4687001,4664327,999
346.545485,4689001,4666325,999
346.691386,4691001,4668323,999
346.842597,4693001,4670321,999
346.989874,4695001,4672319,999
347.138957,4697001,4674317,999
347.286696,4699001,4676315,999
347.433091,4701001,4678313,999
347.574171,4703001,4680311,999
347.730323,4705001,4682309,999
347.879771,4707001,4684307,999
348.040113,4709001,4686305,999
348.18253,4711001,4688303,999
348.343757,4713001,4690301,999
348.49814,4715001,4692299,999
348.64213,4717001,4694297,999
348.788121,4719001,4696295,999
348.948578,4721001,4698293,999
349.108359,4723001,4700291,999
349.250687,4725001,4702289,999
349.395948,4727001,4704287,999
349.540568,4729001,4706285,999
349.681294,4731001,4708283,999
349.822085,4733001,4710281,999
349.973959,4735001,4712279,999
350.130259,4737001,4714277,999
350.277148,4739001,4716275,999
350.417429,4741001,4718273,999
350.561584,4743001,4720271,999
350.707543,4745001,4722269,999
350.854004,4747001,4724267,999
351.009044,4749001,4726265,999
351.159146,4751001,4728263,999
351.299409,4753001,4730261,999
351.445485,4755001,4732259,999
351.59806,4757001,4734257,999
351.752071,4759001,4736255,999
351.90269,4761001,4738253,999
352.043478,4763001,4740251,999
352.185172,4765001,4742249,999
352.339225,4767001,4744247,999
352.483774,4769001,4746245,999
352.64409,4771001,4748243,999
352.795836,4773001,4750241,999
352.941997,4775001,4752239,999
353.08217,4777001,4754237,999
353.228946,4779001,4756235,999
353.374228,4781001,4758233,999
353.523197,4783001,4760231,999
353.666596,4785001,4762229,999
353.812077,4787001,4764227,999
353.968131,4789001,4766225,999
354.115639,4791001,4768223,999
354.259996,4793001,4770221,999
354.406757,4795001,4772219,999
354.552116,4797001,4774217,999
354.695637,4799001,4776215,999
354.851656,4801001,4778213,999
354.997577,4803001,4780211,999
355.145767,4805001,4782209,999
355.296875,4807001,4784207,999
355.452821,4809001,4786205,999
355.598355,4811001,4788203,999
355.750844,4813001,4790201,999
355.898047,4815001,4792199,999
356.047124,4817001,4794197,999
356.197971,4819001,4796195,999
356.340642,4821001,4798193,999
356.486563,4823001,4800191,999
356.638754,4825001,4802189,999
356.791527,4827001,4804187,999
356.938538,4829001,4806185,999
357.083037,4831001,4808183,999
357.242713,4833001,4810181,999
357.385051,4835001,4812179,999
357.533397,4837001,4814177,999
357.687432,4839001,4816175,999
357.830835,4841001,4818173,999
357.974179,4843001,4820171,999
358.115684,4845001,4822169,999
358.261456,4847001,4824167,999
358.413664,4849001,4826165,999
358.572288,4851001,4828163,999
358.725601,4853001,4830161,999
358.869014,4855001,4832159,999
359.017086,4857001,4834157,999
359.158209,4859001,4836155,999
359.298333,4861001,4838153,999
359.438465,4863001,4840151,999
359.57871,4865001,4842149,999
359.718852,4867001,4844147,999
359.858904,4869001,4846145,999
360.000461,4871001,4848143,999
360.152588,4873001,4850141,999
360.292794,4875001,4852139,999
360.434359,4877001,4854137,999
360.584195,4879001,4856135,999
360.724491,4881001,4858133,999
360.874125,4883001,4860131,999
361.020136,4885001,4862129,999
361.160306,4887001,4864127,999
361.305419,4889001,4866125,999
361.454197,4891001,4868123,999
361.601809,4893001,4870121,999
361.747144,4895001,4872119,999
361.901067,4897001,4874117,999
362.047692,4899001,4876115,999
362.188708,4901001,4878113,999
362.335774,4903001,4880111,999
362.488483,4905001,4882109,999
362.631191,4907001,4884107,999
362.79116,4909001,4886105,999
362.935095,4911001,4888103,999
363.091963,4913001,4890101,999
363.241857,4915001,4892099,999
363.382357,4917001,4894097,999
363.537516,4919001,4896095,999
363.684289,4921001,4898093,999
363.825588,4923001,4900091,999
363.965762,4925001,4902089,999
364.107067,4927001,4904087,999
364.258704,4929001,4906085,999
364.409104,4931001,4908083,999
364.549124,4933001,4910081,999
364.689112,4935001,4912079,999
364.829168,4937001,4914077,999
364.995647,4939001,4916075,999
365.136259,4941001,4918073,999
365.27949,4943001,4920071,999
365.430966,4945001,4922069,999
365.586036,4947001,4924067,999
365.737609,4949001,4926065,999
365.879842,4951001,4928063,999
366.024822,4953001,4930061,999
366.169371,4955001,4932059,999
366.312608,4957001,4934057,999
366.456095,4959001,4936055,999
366.604967,4961001,4938053,999
366.748054,4963001,4940051,999
366.897596,4965001,4942049,999
367.047267,4967001,4944047,999
367.20022,4969001,4946045,999
367.345336,4971001,4948043,999
367.49679,4973001,4950041,999
367.646233,4975001,4952039,999
367.787342,4977001,4954037,999
367.928656,4979001,4956035,999
368.073979,4981001,4958033,999
368.226855,4983001,4960031,999
368.389288,4985001,4962029,999
368.530687,4987001,4964027,999
368.684334,4989001,4966025,999
368.831956,4991001,4968023,999
368.972418,4993001,4970021,999
369.11815,4995001,4972019,999
369.258411,4997001,4974017,999
369.40339,4999001,4976015,999
369.474218,5000001,4977014,0
